%YAML:1.0
---
camera_matrix: !!opencv-matrix
   rows: 3
   cols: 3
   dt: d
   data: [ 6.9511262456468785e+02, 0., 8.3595713763311255e+02, 0.,
       6.9097904121455031e+02, 6.4752288901940267e+02, 0., 0., 1. ]
dist_coeff: !!opencv-matrix
   rows: 1
   cols: 14
   dt: d
   data: [ 1.0826707879810103e-01, 2.6417549451767299e-02,
       -2.2120453986188057e-03, 1.3338856833578131e-04,
       1.0936494873313976e-02, 4.2768424779175640e-01,
       -1.1533007033520233e-02, 3.2253742564448122e-02, 0., 0., 0., 0.,
       0., 0. ]
