camera_matrix:
- - 695.1126245646878
  - 0.0
  - 835.9571376331126
- - 0.0
  - 690.9790412145503
  - 647.5228890194027
- - 0.0
  - 0.0
  - 1.0
dist_coeff:
- - 0.10826707879810103
  - 0.0264175494517673
  - -0.0022120453986188057
  - 0.00013338856833578131
  - 0.010936494873313976
  - 0.4276842477917564
  - -0.011533007033520233
  - 0.03225374256444812
  - 0.0
  - 0.0
  - 0.0
  - 0.0
  - 0.0
  - 0.0
