%YAML:1.0
---
camera_matrix: !!opencv-matrix
   rows: 3
   cols: 3
   dt: d
   data: [ 6.7249732476192662e+02, 0., 8.2029487422495140e+02, 0.,
       6.7285930346164514e+02, 6.0993181577698283e+02, 0., 0., 1. ]
dist_coeff: !!opencv-matrix
   rows: 1
   cols: 14
   dt: d
   data: [ -2.0115585682444421e+00, 1.1890640706261730e+00,
       4.5093099094199209e-04, -1.8741548629014885e-04,
       1.9621573150160793e-01, -1.7132808574792213e+00,
       5.5302508268692308e-01, 6.3385532669931122e-01, 0., 0., 0., 0.,
       0., 0. ]
