camera_matrix:
- - 672.4973247619266
  - 0.0
  - 820.2948742249514
- - 0.0
  - 672.8593034616451
  - 609.9318157769828
- - 0.0
  - 0.0
  - 1.0
dist_coeff:
- - -2.011558568244442
  - 1.189064070626173
  - 0.0004509309909419921
  - -0.00018741548629014885
  - 0.19621573150160793
  - -1.7132808574792213
  - 0.5530250826869231
  - 0.6338553266993112
  - 0.0
  - 0.0
  - 0.0
  - 0.0
  - 0.0
  - 0.0
